{
 "cells": [
  {
   "cell_type": "code",
   "execution_count": 1,
   "id": "14d1726c",
   "metadata": {},
   "outputs": [],
   "source": [
    "import numpy as np\n",
    "import pandas as pd\n",
    "\n",
    "import patpy"
   ]
  },
  {
   "cell_type": "code",
   "execution_count": 2,
   "id": "9d8974e6",
   "metadata": {},
   "outputs": [
    {
     "data": {
      "text/plain": [
       "'0.15.3'"
      ]
     },
     "execution_count": 2,
     "metadata": {},
     "output_type": "execute_result"
    }
   ],
   "source": [
    "patpy.__version__"
   ]
  },
  {
   "cell_type": "code",
   "execution_count": 3,
   "id": "b7f9f61e",
   "metadata": {},
   "outputs": [
    {
     "name": "stderr",
     "output_type": "stream",
     "text": [
      "Downloading: 100%|██████████| 1.38G/1.38G [02:44<00:00, 8.43MB/s]\n"
     ]
    },
    {
     "data": {
      "text/plain": [
       "AnnData object with n_obs × n_vars = 783677 × 3000\n",
       "    obs: 'Annotation_cluster_id', 'Annotation_cluster_name', 'Annotation_minor_subset', 'Annotation_major_subset', 'Annotation_cell_type', 'GEX_region', 'QC_ngenes', 'QC_total_UMI', 'QC_pct_mitochondrial', 'QC_scrub_doublet_scores', 'TCR_chain_composition', 'TCR_clone_ID', 'TCR_clone_count', 'TCR_clone_proportion', 'TCR_contains_unproductive', 'TCR_doublet', 'TCR_chain_TRA', 'TCR_v_gene_TRA', 'TCR_d_gene_TRA', 'TCR_j_gene_TRA', 'TCR_c_gene_TRA', 'TCR_productive_TRA', 'TCR_cdr3_TRA', 'TCR_umis_TRA', 'TCR_chain_TRA2', 'TCR_v_gene_TRA2', 'TCR_d_gene_TRA2', 'TCR_j_gene_TRA2', 'TCR_c_gene_TRA2', 'TCR_productive_TRA2', 'TCR_cdr3_TRA2', 'TCR_umis_TRA2', 'TCR_chain_TRB', 'TCR_v_gene_TRB', 'TCR_d_gene_TRB', 'TCR_j_gene_TRB', 'TCR_c_gene_TRB', 'TCR_productive_TRB', 'TCR_chain_TRB2', 'TCR_v_gene_TRB2', 'TCR_d_gene_TRB2', 'TCR_j_gene_TRB2', 'TCR_c_gene_TRB2', 'TCR_productive_TRB2', 'TCR_cdr3_TRB2', 'TCR_umis_TRB2', 'BCR_umis_HC', 'BCR_contig_qc_HC', 'BCR_functionality_HC', 'BCR_v_call_HC', 'BCR_v_score_HC', 'BCR_j_call_HC', 'BCR_j_score_HC', 'BCR_junction_aa_HC', 'BCR_total_mut_HC', 'BCR_s_mut_HC', 'BCR_r_mut_HC', 'BCR_c_gene_HC', 'BCR_clone_per_replicate_HC', 'BCR_clone_global_HC', 'BCR_clonal_abundance_HC', 'BCR_locus_LC', 'BCR_umis_LC', 'BCR_contig_qc_LC', 'BCR_functionality_LC', 'BCR_v_call_LC', 'BCR_v_score_LC', 'BCR_j_call_LC', 'BCR_j_score_LC', 'BCR_junction_aa_LC', 'BCR_total_mut_LC', 'BCR_s_mut_LC', 'BCR_r_mut_LC', 'BCR_c_gene_LC', 'COMBAT_ID', 'scRNASeq_sample_ID', 'COMBAT_participant_timepoint_ID', 'Source', 'Age', 'Sex', 'Race', 'BMI', 'Hospitalstay', 'Death28', 'Institute', 'PreExistingHeartDisease', 'PreExistingLungDisease', 'PreExistingKidneyDisease', 'PreExistingDiabetes', 'PreExistingHypertension', 'PreExistingImmunocompromised', 'Smoking', 'Symptomatic', 'Requiredvasoactive', 'Respiratorysupport', 'SARSCoV2PCR', 'Outcome', 'TimeSinceOnset', 'Ethnicity', 'Tissue', 'DiseaseClassification', 'Pool_ID', 'Channel_ID', 'ifn_1_score', '_scvi_batch', '_scvi_labels', 'n_genes_by_counts', 'log1p_n_genes_by_counts', 'total_counts', 'log1p_total_counts', 'pct_counts_in_top_50_genes', 'pct_counts_in_top_100_genes', 'pct_counts_in_top_200_genes', 'pct_counts_in_top_500_genes', 'total_counts_mt', 'log1p_total_counts_mt', 'pct_counts_mt', 'total_counts_ribo', 'log1p_total_counts_ribo', 'pct_counts_ribo', 'vertex', 'eigenvector_centrality'\n",
       "    var: 'gene_ids', 'feature_types', 'highly_variable', 'highly_variable_rank', 'means', 'variances', 'variances_norm', 'highly_variable_nbatches', 'mt', 'ribo', 'n_cells_by_counts', 'mean_counts', 'log1p_mean_counts', 'pct_dropout_by_counts', 'total_counts', 'log1p_total_counts'\n",
       "    uns: 'Institute', 'ObjectCreateDate', 'Source_colors', 'Technology', 'X_gloscope_cuml_distances', 'X_gloscope_pynndescent_distances', 'X_scpoli', '_scvi_manager_uuid', '_scvi_uuid', 'genome_annotation_version', 'gloscope_representation', 'gloscope_scpoli_distances', 'hvg', 'log1p', 'neighbors', 'pca', 'scpoli_distances', 'scpoli_parameters', 'scpoli_samples'\n",
       "    obsm: 'X_pca', 'X_scANVI_batch', 'X_scANVI_sample', 'X_scVI_batch', 'X_scVI_sample', 'X_scpoli', 'X_umap', 'X_umap_source'\n",
       "    varm: 'PCs'\n",
       "    layers: 'X_raw_counts'\n",
       "    obsp: 'connectivities', 'distances'"
      ]
     },
     "execution_count": 3,
     "metadata": {},
     "output_type": "execute_result"
    }
   ],
   "source": [
    "adata = patpy.datasets.combat_preprocessed()\n",
    "adata"
   ]
  },
  {
   "cell_type": "code",
   "execution_count": null,
   "id": "b761a5d3",
   "metadata": {},
   "outputs": [],
   "source": [
    "adata = patpy.pp.subsample(adata, obs_category_col=\"\")"
   ]
  },
  {
   "cell_type": "code",
   "execution_count": 4,
   "id": "f9d4495e",
   "metadata": {},
   "outputs": [
    {
     "data": {
      "text/plain": [
       "sample_id\n",
       "7    287\n",
       "3    278\n",
       "9    267\n",
       "4    263\n",
       "8    259\n",
       "1    259\n",
       "5    259\n",
       "6    258\n",
       "0    258\n",
       "2    250\n",
       "Name: count, dtype: int64"
      ]
     },
     "execution_count": 4,
     "metadata": {},
     "output_type": "execute_result"
    }
   ],
   "source": [
    "adata.obs[\"sample_id\"] = np.random.choice(np.arange(10), size=adata.n_obs)\n",
    "adata.obs[\"sample_id\"].value_counts()"
   ]
  },
  {
   "cell_type": "code",
   "execution_count": 5,
   "id": "cd8ceb28",
   "metadata": {},
   "outputs": [],
   "source": [
    "adata.obs[\"replicate\"] = np.random.choice([\"1\", \"2\"], size=adata.n_obs)"
   ]
  },
  {
   "cell_type": "code",
   "execution_count": 6,
   "id": "99460861",
   "metadata": {},
   "outputs": [
    {
     "data": {
      "text/plain": [
       "sample_id_with_replicate\n",
       "3_2    146\n",
       "7_1    145\n",
       "4_2    144\n",
       "7_2    142\n",
       "9_1    142\n",
       "8_1    140\n",
       "2_1    136\n",
       "1_1    136\n",
       "0_1    134\n",
       "5_1    134\n",
       "3_1    132\n",
       "6_1    131\n",
       "6_2    127\n",
       "9_2    125\n",
       "5_2    125\n",
       "0_2    124\n",
       "1_2    123\n",
       "8_2    119\n",
       "4_1    119\n",
       "2_2    114\n",
       "Name: count, dtype: int64"
      ]
     },
     "execution_count": 6,
     "metadata": {},
     "output_type": "execute_result"
    }
   ],
   "source": [
    "adata.obs[\"sample_id_with_replicate\"] = adata.obs[\"sample_id\"].astype(str) + \"_\" + adata.obs[\"replicate\"]\n",
    "adata.obs[\"sample_id_with_replicate\"].value_counts()"
   ]
  },
  {
   "cell_type": "code",
   "execution_count": 7,
   "id": "4b33a18f",
   "metadata": {},
   "outputs": [],
   "source": [
    "from patpy.tl.sample_representation import CellGroupComposition, Pseudobulk"
   ]
  },
  {
   "cell_type": "code",
   "execution_count": 8,
   "id": "906676c7",
   "metadata": {},
   "outputs": [
    {
     "name": "stderr",
     "output_type": "stream",
     "text": [
      "/Users/vladimir.shitov/Documents/programming/patpy/src/patpy/tl/sample_representation.py:1092: UserWarning: Using data from adata.obsm['X_pca']\n",
      "  data = self._get_data()\n"
     ]
    }
   ],
   "source": [
    "classes = Pseudobulk, CellGroupComposition\n",
    "\n",
    "sample_rep_methods = []\n",
    "distances = []\n",
    "\n",
    "for class_ in classes:\n",
    "    instance = class_(sample_key=\"sample_id_with_replicate\", cell_group_key=\"louvain\", layer=\"X_pca\")\n",
    "    instance.prepare_anndata(adata)\n",
    "\n",
    "    distances_df = pd.DataFrame(\n",
    "        instance.calculate_distance_matrix(force=True), index=instance.samples, columns=instance.samples\n",
    "    )\n",
    "    distances.append(distances_df)\n",
    "    sample_rep_methods.append(instance)"
   ]
  },
  {
   "cell_type": "code",
   "execution_count": 9,
   "id": "16d83880",
   "metadata": {},
   "outputs": [
    {
     "name": "stdout",
     "output_type": "stream",
     "text": [
      "Pseudobulk 0.4194444444444445\n",
      "CellGroupComposition 0.4722222222222222\n"
     ]
    }
   ],
   "source": [
    "for class_, distances_df in zip(classes, distances):\n",
    "    print(class_.__name__, patpy.tl.evaluation.replicate_robustness(distances_df))"
   ]
  },
  {
   "cell_type": "code",
   "execution_count": 10,
   "id": "67a83d38",
   "metadata": {},
   "outputs": [
    {
     "data": {
      "text/html": [
       "<div>\n",
       "<style scoped>\n",
       "    .dataframe tbody tr th:only-of-type {\n",
       "        vertical-align: middle;\n",
       "    }\n",
       "\n",
       "    .dataframe tbody tr th {\n",
       "        vertical-align: top;\n",
       "    }\n",
       "\n",
       "    .dataframe thead th {\n",
       "        text-align: right;\n",
       "    }\n",
       "</style>\n",
       "<table border=\"1\" class=\"dataframe\">\n",
       "  <thead>\n",
       "    <tr style=\"text-align: right;\">\n",
       "      <th></th>\n",
       "      <th>7_1</th>\n",
       "      <th>3_1</th>\n",
       "      <th>6_1</th>\n",
       "      <th>6_2</th>\n",
       "      <th>0_1</th>\n",
       "      <th>4_2</th>\n",
       "      <th>8_2</th>\n",
       "      <th>9_2</th>\n",
       "      <th>1_2</th>\n",
       "      <th>5_2</th>\n",
       "      <th>4_1</th>\n",
       "      <th>3_2</th>\n",
       "      <th>7_2</th>\n",
       "      <th>5_1</th>\n",
       "      <th>9_1</th>\n",
       "      <th>2_2</th>\n",
       "      <th>2_1</th>\n",
       "      <th>1_1</th>\n",
       "      <th>8_1</th>\n",
       "      <th>0_2</th>\n",
       "    </tr>\n",
       "  </thead>\n",
       "  <tbody>\n",
       "    <tr>\n",
       "      <th>7_1</th>\n",
       "      <td>0.000000</td>\n",
       "      <td>0.117007</td>\n",
       "      <td>0.136217</td>\n",
       "      <td>0.053079</td>\n",
       "      <td>0.107412</td>\n",
       "      <td>0.073344</td>\n",
       "      <td>0.091978</td>\n",
       "      <td>0.114503</td>\n",
       "      <td>0.093014</td>\n",
       "      <td>0.075324</td>\n",
       "      <td>0.072326</td>\n",
       "      <td>0.073775</td>\n",
       "      <td>0.107598</td>\n",
       "      <td>0.109858</td>\n",
       "      <td>0.150624</td>\n",
       "      <td>0.087535</td>\n",
       "      <td>0.100869</td>\n",
       "      <td>0.121221</td>\n",
       "      <td>0.052084</td>\n",
       "      <td>0.059542</td>\n",
       "    </tr>\n",
       "    <tr>\n",
       "      <th>3_1</th>\n",
       "      <td>0.117007</td>\n",
       "      <td>0.000000</td>\n",
       "      <td>0.183009</td>\n",
       "      <td>0.113328</td>\n",
       "      <td>0.118983</td>\n",
       "      <td>0.099415</td>\n",
       "      <td>0.085171</td>\n",
       "      <td>0.126323</td>\n",
       "      <td>0.146510</td>\n",
       "      <td>0.115579</td>\n",
       "      <td>0.096108</td>\n",
       "      <td>0.113315</td>\n",
       "      <td>0.104457</td>\n",
       "      <td>0.063065</td>\n",
       "      <td>0.147171</td>\n",
       "      <td>0.123200</td>\n",
       "      <td>0.148868</td>\n",
       "      <td>0.092556</td>\n",
       "      <td>0.078671</td>\n",
       "      <td>0.116707</td>\n",
       "    </tr>\n",
       "    <tr>\n",
       "      <th>6_1</th>\n",
       "      <td>0.136217</td>\n",
       "      <td>0.183009</td>\n",
       "      <td>0.000000</td>\n",
       "      <td>0.150582</td>\n",
       "      <td>0.187793</td>\n",
       "      <td>0.127531</td>\n",
       "      <td>0.173521</td>\n",
       "      <td>0.158220</td>\n",
       "      <td>0.077865</td>\n",
       "      <td>0.105681</td>\n",
       "      <td>0.140941</td>\n",
       "      <td>0.104846</td>\n",
       "      <td>0.147375</td>\n",
       "      <td>0.203783</td>\n",
       "      <td>0.138191</td>\n",
       "      <td>0.137535</td>\n",
       "      <td>0.109100</td>\n",
       "      <td>0.179023</td>\n",
       "      <td>0.143948</td>\n",
       "      <td>0.107300</td>\n",
       "    </tr>\n",
       "    <tr>\n",
       "      <th>6_2</th>\n",
       "      <td>0.053079</td>\n",
       "      <td>0.113328</td>\n",
       "      <td>0.150582</td>\n",
       "      <td>0.000000</td>\n",
       "      <td>0.141067</td>\n",
       "      <td>0.108335</td>\n",
       "      <td>0.120772</td>\n",
       "      <td>0.093916</td>\n",
       "      <td>0.122027</td>\n",
       "      <td>0.060622</td>\n",
       "      <td>0.095313</td>\n",
       "      <td>0.094296</td>\n",
       "      <td>0.139050</td>\n",
       "      <td>0.122756</td>\n",
       "      <td>0.169297</td>\n",
       "      <td>0.120332</td>\n",
       "      <td>0.125791</td>\n",
       "      <td>0.119867</td>\n",
       "      <td>0.057039</td>\n",
       "      <td>0.062350</td>\n",
       "    </tr>\n",
       "    <tr>\n",
       "      <th>0_1</th>\n",
       "      <td>0.107412</td>\n",
       "      <td>0.118983</td>\n",
       "      <td>0.187793</td>\n",
       "      <td>0.141067</td>\n",
       "      <td>0.000000</td>\n",
       "      <td>0.074062</td>\n",
       "      <td>0.054604</td>\n",
       "      <td>0.167346</td>\n",
       "      <td>0.130567</td>\n",
       "      <td>0.149929</td>\n",
       "      <td>0.086894</td>\n",
       "      <td>0.124231</td>\n",
       "      <td>0.075749</td>\n",
       "      <td>0.073119</td>\n",
       "      <td>0.139285</td>\n",
       "      <td>0.096821</td>\n",
       "      <td>0.113922</td>\n",
       "      <td>0.114395</td>\n",
       "      <td>0.096461</td>\n",
       "      <td>0.130902</td>\n",
       "    </tr>\n",
       "    <tr>\n",
       "      <th>4_2</th>\n",
       "      <td>0.073344</td>\n",
       "      <td>0.099415</td>\n",
       "      <td>0.127531</td>\n",
       "      <td>0.108335</td>\n",
       "      <td>0.074062</td>\n",
       "      <td>0.000000</td>\n",
       "      <td>0.059588</td>\n",
       "      <td>0.133069</td>\n",
       "      <td>0.068707</td>\n",
       "      <td>0.094214</td>\n",
       "      <td>0.047261</td>\n",
       "      <td>0.077135</td>\n",
       "      <td>0.044380</td>\n",
       "      <td>0.088209</td>\n",
       "      <td>0.104379</td>\n",
       "      <td>0.057528</td>\n",
       "      <td>0.088739</td>\n",
       "      <td>0.102644</td>\n",
       "      <td>0.072089</td>\n",
       "      <td>0.088901</td>\n",
       "    </tr>\n",
       "    <tr>\n",
       "      <th>8_2</th>\n",
       "      <td>0.091978</td>\n",
       "      <td>0.085171</td>\n",
       "      <td>0.173521</td>\n",
       "      <td>0.120772</td>\n",
       "      <td>0.054604</td>\n",
       "      <td>0.059588</td>\n",
       "      <td>0.000000</td>\n",
       "      <td>0.154651</td>\n",
       "      <td>0.123324</td>\n",
       "      <td>0.128810</td>\n",
       "      <td>0.076096</td>\n",
       "      <td>0.097759</td>\n",
       "      <td>0.073462</td>\n",
       "      <td>0.053180</td>\n",
       "      <td>0.140034</td>\n",
       "      <td>0.090028</td>\n",
       "      <td>0.124500</td>\n",
       "      <td>0.113260</td>\n",
       "      <td>0.072391</td>\n",
       "      <td>0.108742</td>\n",
       "    </tr>\n",
       "    <tr>\n",
       "      <th>9_2</th>\n",
       "      <td>0.114503</td>\n",
       "      <td>0.126323</td>\n",
       "      <td>0.158220</td>\n",
       "      <td>0.093916</td>\n",
       "      <td>0.167346</td>\n",
       "      <td>0.133069</td>\n",
       "      <td>0.154651</td>\n",
       "      <td>0.000000</td>\n",
       "      <td>0.123967</td>\n",
       "      <td>0.078384</td>\n",
       "      <td>0.095234</td>\n",
       "      <td>0.149167</td>\n",
       "      <td>0.136864</td>\n",
       "      <td>0.143060</td>\n",
       "      <td>0.125638</td>\n",
       "      <td>0.112618</td>\n",
       "      <td>0.114855</td>\n",
       "      <td>0.080840</td>\n",
       "      <td>0.112763</td>\n",
       "      <td>0.123757</td>\n",
       "    </tr>\n",
       "    <tr>\n",
       "      <th>1_2</th>\n",
       "      <td>0.093014</td>\n",
       "      <td>0.146510</td>\n",
       "      <td>0.077865</td>\n",
       "      <td>0.122027</td>\n",
       "      <td>0.130567</td>\n",
       "      <td>0.068707</td>\n",
       "      <td>0.123324</td>\n",
       "      <td>0.123967</td>\n",
       "      <td>0.000000</td>\n",
       "      <td>0.083017</td>\n",
       "      <td>0.074867</td>\n",
       "      <td>0.096239</td>\n",
       "      <td>0.083169</td>\n",
       "      <td>0.149150</td>\n",
       "      <td>0.088240</td>\n",
       "      <td>0.065791</td>\n",
       "      <td>0.067827</td>\n",
       "      <td>0.125094</td>\n",
       "      <td>0.110287</td>\n",
       "      <td>0.098422</td>\n",
       "    </tr>\n",
       "    <tr>\n",
       "      <th>5_2</th>\n",
       "      <td>0.075324</td>\n",
       "      <td>0.115579</td>\n",
       "      <td>0.105681</td>\n",
       "      <td>0.060622</td>\n",
       "      <td>0.149929</td>\n",
       "      <td>0.094214</td>\n",
       "      <td>0.128810</td>\n",
       "      <td>0.078384</td>\n",
       "      <td>0.083017</td>\n",
       "      <td>0.000000</td>\n",
       "      <td>0.081971</td>\n",
       "      <td>0.088654</td>\n",
       "      <td>0.119908</td>\n",
       "      <td>0.136972</td>\n",
       "      <td>0.129767</td>\n",
       "      <td>0.102245</td>\n",
       "      <td>0.104042</td>\n",
       "      <td>0.108698</td>\n",
       "      <td>0.076689</td>\n",
       "      <td>0.063873</td>\n",
       "    </tr>\n",
       "    <tr>\n",
       "      <th>4_1</th>\n",
       "      <td>0.072326</td>\n",
       "      <td>0.096108</td>\n",
       "      <td>0.140941</td>\n",
       "      <td>0.095313</td>\n",
       "      <td>0.086894</td>\n",
       "      <td>0.047261</td>\n",
       "      <td>0.076096</td>\n",
       "      <td>0.095234</td>\n",
       "      <td>0.074867</td>\n",
       "      <td>0.081971</td>\n",
       "      <td>0.000000</td>\n",
       "      <td>0.104900</td>\n",
       "      <td>0.052687</td>\n",
       "      <td>0.083039</td>\n",
       "      <td>0.089407</td>\n",
       "      <td>0.036087</td>\n",
       "      <td>0.082229</td>\n",
       "      <td>0.067701</td>\n",
       "      <td>0.074837</td>\n",
       "      <td>0.099733</td>\n",
       "    </tr>\n",
       "    <tr>\n",
       "      <th>3_2</th>\n",
       "      <td>0.073775</td>\n",
       "      <td>0.113315</td>\n",
       "      <td>0.104846</td>\n",
       "      <td>0.094296</td>\n",
       "      <td>0.124231</td>\n",
       "      <td>0.077135</td>\n",
       "      <td>0.097759</td>\n",
       "      <td>0.149167</td>\n",
       "      <td>0.096239</td>\n",
       "      <td>0.088654</td>\n",
       "      <td>0.104900</td>\n",
       "      <td>0.000000</td>\n",
       "      <td>0.114273</td>\n",
       "      <td>0.129145</td>\n",
       "      <td>0.156494</td>\n",
       "      <td>0.117662</td>\n",
       "      <td>0.114146</td>\n",
       "      <td>0.148667</td>\n",
       "      <td>0.064643</td>\n",
       "      <td>0.042567</td>\n",
       "    </tr>\n",
       "    <tr>\n",
       "      <th>7_2</th>\n",
       "      <td>0.107598</td>\n",
       "      <td>0.104457</td>\n",
       "      <td>0.147375</td>\n",
       "      <td>0.139050</td>\n",
       "      <td>0.075749</td>\n",
       "      <td>0.044380</td>\n",
       "      <td>0.073462</td>\n",
       "      <td>0.136864</td>\n",
       "      <td>0.083169</td>\n",
       "      <td>0.119908</td>\n",
       "      <td>0.052687</td>\n",
       "      <td>0.114273</td>\n",
       "      <td>0.000000</td>\n",
       "      <td>0.088615</td>\n",
       "      <td>0.077144</td>\n",
       "      <td>0.052023</td>\n",
       "      <td>0.091119</td>\n",
       "      <td>0.089423</td>\n",
       "      <td>0.102560</td>\n",
       "      <td>0.125866</td>\n",
       "    </tr>\n",
       "    <tr>\n",
       "      <th>5_1</th>\n",
       "      <td>0.109858</td>\n",
       "      <td>0.063065</td>\n",
       "      <td>0.203783</td>\n",
       "      <td>0.122756</td>\n",
       "      <td>0.073119</td>\n",
       "      <td>0.088209</td>\n",
       "      <td>0.053180</td>\n",
       "      <td>0.143060</td>\n",
       "      <td>0.149150</td>\n",
       "      <td>0.136972</td>\n",
       "      <td>0.083039</td>\n",
       "      <td>0.129145</td>\n",
       "      <td>0.088615</td>\n",
       "      <td>0.000000</td>\n",
       "      <td>0.148107</td>\n",
       "      <td>0.106911</td>\n",
       "      <td>0.143749</td>\n",
       "      <td>0.089673</td>\n",
       "      <td>0.083479</td>\n",
       "      <td>0.131750</td>\n",
       "    </tr>\n",
       "    <tr>\n",
       "      <th>9_1</th>\n",
       "      <td>0.150624</td>\n",
       "      <td>0.147171</td>\n",
       "      <td>0.138191</td>\n",
       "      <td>0.169297</td>\n",
       "      <td>0.139285</td>\n",
       "      <td>0.104379</td>\n",
       "      <td>0.140034</td>\n",
       "      <td>0.125638</td>\n",
       "      <td>0.088240</td>\n",
       "      <td>0.129767</td>\n",
       "      <td>0.089407</td>\n",
       "      <td>0.156494</td>\n",
       "      <td>0.077144</td>\n",
       "      <td>0.148107</td>\n",
       "      <td>0.000000</td>\n",
       "      <td>0.079656</td>\n",
       "      <td>0.088372</td>\n",
       "      <td>0.096250</td>\n",
       "      <td>0.147515</td>\n",
       "      <td>0.157428</td>\n",
       "    </tr>\n",
       "    <tr>\n",
       "      <th>2_2</th>\n",
       "      <td>0.087535</td>\n",
       "      <td>0.123200</td>\n",
       "      <td>0.137535</td>\n",
       "      <td>0.120332</td>\n",
       "      <td>0.096821</td>\n",
       "      <td>0.057528</td>\n",
       "      <td>0.090028</td>\n",
       "      <td>0.112618</td>\n",
       "      <td>0.065791</td>\n",
       "      <td>0.102245</td>\n",
       "      <td>0.036087</td>\n",
       "      <td>0.117662</td>\n",
       "      <td>0.052023</td>\n",
       "      <td>0.106911</td>\n",
       "      <td>0.079656</td>\n",
       "      <td>0.000000</td>\n",
       "      <td>0.078681</td>\n",
       "      <td>0.092151</td>\n",
       "      <td>0.101668</td>\n",
       "      <td>0.118015</td>\n",
       "    </tr>\n",
       "    <tr>\n",
       "      <th>2_1</th>\n",
       "      <td>0.100869</td>\n",
       "      <td>0.148868</td>\n",
       "      <td>0.109100</td>\n",
       "      <td>0.125791</td>\n",
       "      <td>0.113922</td>\n",
       "      <td>0.088739</td>\n",
       "      <td>0.124500</td>\n",
       "      <td>0.114855</td>\n",
       "      <td>0.067827</td>\n",
       "      <td>0.104042</td>\n",
       "      <td>0.082229</td>\n",
       "      <td>0.114146</td>\n",
       "      <td>0.091119</td>\n",
       "      <td>0.143749</td>\n",
       "      <td>0.088372</td>\n",
       "      <td>0.078681</td>\n",
       "      <td>0.000000</td>\n",
       "      <td>0.108066</td>\n",
       "      <td>0.107331</td>\n",
       "      <td>0.106130</td>\n",
       "    </tr>\n",
       "    <tr>\n",
       "      <th>1_1</th>\n",
       "      <td>0.121221</td>\n",
       "      <td>0.092556</td>\n",
       "      <td>0.179023</td>\n",
       "      <td>0.119867</td>\n",
       "      <td>0.114395</td>\n",
       "      <td>0.102644</td>\n",
       "      <td>0.113260</td>\n",
       "      <td>0.080840</td>\n",
       "      <td>0.125094</td>\n",
       "      <td>0.108698</td>\n",
       "      <td>0.067701</td>\n",
       "      <td>0.148667</td>\n",
       "      <td>0.089423</td>\n",
       "      <td>0.089673</td>\n",
       "      <td>0.096250</td>\n",
       "      <td>0.092151</td>\n",
       "      <td>0.108066</td>\n",
       "      <td>0.000000</td>\n",
       "      <td>0.103358</td>\n",
       "      <td>0.136404</td>\n",
       "    </tr>\n",
       "    <tr>\n",
       "      <th>8_1</th>\n",
       "      <td>0.052084</td>\n",
       "      <td>0.078671</td>\n",
       "      <td>0.143948</td>\n",
       "      <td>0.057039</td>\n",
       "      <td>0.096461</td>\n",
       "      <td>0.072089</td>\n",
       "      <td>0.072391</td>\n",
       "      <td>0.112763</td>\n",
       "      <td>0.110287</td>\n",
       "      <td>0.076689</td>\n",
       "      <td>0.074837</td>\n",
       "      <td>0.064643</td>\n",
       "      <td>0.102560</td>\n",
       "      <td>0.083479</td>\n",
       "      <td>0.147515</td>\n",
       "      <td>0.101668</td>\n",
       "      <td>0.107331</td>\n",
       "      <td>0.103358</td>\n",
       "      <td>0.000000</td>\n",
       "      <td>0.050705</td>\n",
       "    </tr>\n",
       "    <tr>\n",
       "      <th>0_2</th>\n",
       "      <td>0.059542</td>\n",
       "      <td>0.116707</td>\n",
       "      <td>0.107300</td>\n",
       "      <td>0.062350</td>\n",
       "      <td>0.130902</td>\n",
       "      <td>0.088901</td>\n",
       "      <td>0.108742</td>\n",
       "      <td>0.123757</td>\n",
       "      <td>0.098422</td>\n",
       "      <td>0.063873</td>\n",
       "      <td>0.099733</td>\n",
       "      <td>0.042567</td>\n",
       "      <td>0.125866</td>\n",
       "      <td>0.131750</td>\n",
       "      <td>0.157428</td>\n",
       "      <td>0.118015</td>\n",
       "      <td>0.106130</td>\n",
       "      <td>0.136404</td>\n",
       "      <td>0.050705</td>\n",
       "      <td>0.000000</td>\n",
       "    </tr>\n",
       "  </tbody>\n",
       "</table>\n",
       "</div>"
      ],
      "text/plain": [
       "          7_1       3_1       6_1       6_2       0_1       4_2       8_2  \\\n",
       "7_1  0.000000  0.117007  0.136217  0.053079  0.107412  0.073344  0.091978   \n",
       "3_1  0.117007  0.000000  0.183009  0.113328  0.118983  0.099415  0.085171   \n",
       "6_1  0.136217  0.183009  0.000000  0.150582  0.187793  0.127531  0.173521   \n",
       "6_2  0.053079  0.113328  0.150582  0.000000  0.141067  0.108335  0.120772   \n",
       "0_1  0.107412  0.118983  0.187793  0.141067  0.000000  0.074062  0.054604   \n",
       "4_2  0.073344  0.099415  0.127531  0.108335  0.074062  0.000000  0.059588   \n",
       "8_2  0.091978  0.085171  0.173521  0.120772  0.054604  0.059588  0.000000   \n",
       "9_2  0.114503  0.126323  0.158220  0.093916  0.167346  0.133069  0.154651   \n",
       "1_2  0.093014  0.146510  0.077865  0.122027  0.130567  0.068707  0.123324   \n",
       "5_2  0.075324  0.115579  0.105681  0.060622  0.149929  0.094214  0.128810   \n",
       "4_1  0.072326  0.096108  0.140941  0.095313  0.086894  0.047261  0.076096   \n",
       "3_2  0.073775  0.113315  0.104846  0.094296  0.124231  0.077135  0.097759   \n",
       "7_2  0.107598  0.104457  0.147375  0.139050  0.075749  0.044380  0.073462   \n",
       "5_1  0.109858  0.063065  0.203783  0.122756  0.073119  0.088209  0.053180   \n",
       "9_1  0.150624  0.147171  0.138191  0.169297  0.139285  0.104379  0.140034   \n",
       "2_2  0.087535  0.123200  0.137535  0.120332  0.096821  0.057528  0.090028   \n",
       "2_1  0.100869  0.148868  0.109100  0.125791  0.113922  0.088739  0.124500   \n",
       "1_1  0.121221  0.092556  0.179023  0.119867  0.114395  0.102644  0.113260   \n",
       "8_1  0.052084  0.078671  0.143948  0.057039  0.096461  0.072089  0.072391   \n",
       "0_2  0.059542  0.116707  0.107300  0.062350  0.130902  0.088901  0.108742   \n",
       "\n",
       "          9_2       1_2       5_2       4_1       3_2       7_2       5_1  \\\n",
       "7_1  0.114503  0.093014  0.075324  0.072326  0.073775  0.107598  0.109858   \n",
       "3_1  0.126323  0.146510  0.115579  0.096108  0.113315  0.104457  0.063065   \n",
       "6_1  0.158220  0.077865  0.105681  0.140941  0.104846  0.147375  0.203783   \n",
       "6_2  0.093916  0.122027  0.060622  0.095313  0.094296  0.139050  0.122756   \n",
       "0_1  0.167346  0.130567  0.149929  0.086894  0.124231  0.075749  0.073119   \n",
       "4_2  0.133069  0.068707  0.094214  0.047261  0.077135  0.044380  0.088209   \n",
       "8_2  0.154651  0.123324  0.128810  0.076096  0.097759  0.073462  0.053180   \n",
       "9_2  0.000000  0.123967  0.078384  0.095234  0.149167  0.136864  0.143060   \n",
       "1_2  0.123967  0.000000  0.083017  0.074867  0.096239  0.083169  0.149150   \n",
       "5_2  0.078384  0.083017  0.000000  0.081971  0.088654  0.119908  0.136972   \n",
       "4_1  0.095234  0.074867  0.081971  0.000000  0.104900  0.052687  0.083039   \n",
       "3_2  0.149167  0.096239  0.088654  0.104900  0.000000  0.114273  0.129145   \n",
       "7_2  0.136864  0.083169  0.119908  0.052687  0.114273  0.000000  0.088615   \n",
       "5_1  0.143060  0.149150  0.136972  0.083039  0.129145  0.088615  0.000000   \n",
       "9_1  0.125638  0.088240  0.129767  0.089407  0.156494  0.077144  0.148107   \n",
       "2_2  0.112618  0.065791  0.102245  0.036087  0.117662  0.052023  0.106911   \n",
       "2_1  0.114855  0.067827  0.104042  0.082229  0.114146  0.091119  0.143749   \n",
       "1_1  0.080840  0.125094  0.108698  0.067701  0.148667  0.089423  0.089673   \n",
       "8_1  0.112763  0.110287  0.076689  0.074837  0.064643  0.102560  0.083479   \n",
       "0_2  0.123757  0.098422  0.063873  0.099733  0.042567  0.125866  0.131750   \n",
       "\n",
       "          9_1       2_2       2_1       1_1       8_1       0_2  \n",
       "7_1  0.150624  0.087535  0.100869  0.121221  0.052084  0.059542  \n",
       "3_1  0.147171  0.123200  0.148868  0.092556  0.078671  0.116707  \n",
       "6_1  0.138191  0.137535  0.109100  0.179023  0.143948  0.107300  \n",
       "6_2  0.169297  0.120332  0.125791  0.119867  0.057039  0.062350  \n",
       "0_1  0.139285  0.096821  0.113922  0.114395  0.096461  0.130902  \n",
       "4_2  0.104379  0.057528  0.088739  0.102644  0.072089  0.088901  \n",
       "8_2  0.140034  0.090028  0.124500  0.113260  0.072391  0.108742  \n",
       "9_2  0.125638  0.112618  0.114855  0.080840  0.112763  0.123757  \n",
       "1_2  0.088240  0.065791  0.067827  0.125094  0.110287  0.098422  \n",
       "5_2  0.129767  0.102245  0.104042  0.108698  0.076689  0.063873  \n",
       "4_1  0.089407  0.036087  0.082229  0.067701  0.074837  0.099733  \n",
       "3_2  0.156494  0.117662  0.114146  0.148667  0.064643  0.042567  \n",
       "7_2  0.077144  0.052023  0.091119  0.089423  0.102560  0.125866  \n",
       "5_1  0.148107  0.106911  0.143749  0.089673  0.083479  0.131750  \n",
       "9_1  0.000000  0.079656  0.088372  0.096250  0.147515  0.157428  \n",
       "2_2  0.079656  0.000000  0.078681  0.092151  0.101668  0.118015  \n",
       "2_1  0.088372  0.078681  0.000000  0.108066  0.107331  0.106130  \n",
       "1_1  0.096250  0.092151  0.108066  0.000000  0.103358  0.136404  \n",
       "8_1  0.147515  0.101668  0.107331  0.103358  0.000000  0.050705  \n",
       "0_2  0.157428  0.118015  0.106130  0.136404  0.050705  0.000000  "
      ]
     },
     "execution_count": 10,
     "metadata": {},
     "output_type": "execute_result"
    }
   ],
   "source": [
    "distances_df"
   ]
  },
  {
   "cell_type": "code",
   "execution_count": 12,
   "id": "fba77c79",
   "metadata": {},
   "outputs": [
    {
     "name": "stderr",
     "output_type": "stream",
     "text": [
      "/Users/vladimir.shitov/miniconda3/envs/sample_representation/lib/python3.11/site-packages/sklearn/manifold/_mds.py:298: FutureWarning: The default value of `normalized_stress` will change to `'auto'` in version 1.4. To suppress this warning, manually set the value of `normalized_stress`.\n",
      "  warnings.warn(\n"
     ]
    },
    {
     "data": {
      "text/plain": [
       "<Axes: xlabel='MDS_0', ylabel='MDS_1'>"
      ]
     },
     "execution_count": 12,
     "metadata": {},
     "output_type": "execute_result"
    },
    {
     "data": {
